100
0
1
2
3
4
5
6
7
8
9
10
11
12
13
14
15
16
17
18
19
20
21
22
23
24
25
26
27
28
29
30
31
32
33
34
35
36
37
38
39
40
41
42
43
44
45
46
47
48
49
50
51
52
53
54
55
56
57
58
59
60
61
62
63
64
65
66
67
68
69
70
71
72
73
74
75
76
77
78
79
80
81
82
83
84
85
86
87
88
89
90
91
92
93
94
95
96
97
98
99
200
0 10 1
0 1 1
1 11 1
1 0 1
1 2 1
2 1 1
2 12 1
4 14 1
4 5 1
5 4 1
5 6 1
6 16 1
6 5 1
6 7 1
7 6 1
7 8 1
8 18 1
8 7 1
8 9 1
9 8 1
9 19 1
10 0 1
10 20 1
11 1 1
11 21 1
11 12 1
12 11 1
12 2 1
13 23 1
13 14 1
14 4 1
14 24 1
14 13 1
15 16 1
16 15 1
16 6 1
17 27 1
17 18 1
18 8 1
18 17 1
18 19 1
19 18 1
19 9 1
20 10 1
20 30 1
21 11 1
21 31 1
23 13 1
23 33 1
24 14 1
24 34 1
24 25 1
25 24 1
25 35 1
26 36 1
26 27 1
27 26 1
27 17 1
30 20 1
30 40 1
31 21 1
31 32 1
32 42 1
32 31 1
32 33 1
33 23 1
33 43 1
33 32 1
34 24 1
34 35 1
35 25 1
35 34 1
35 36 1
36 26 1
36 35 1
36 37 1
37 36 1
37 47 1
38 48 1
38 39 1
39 38 1
40 30 1
40 50 1
40 41 1
41 40 1
41 42 1
42 32 1
42 52 1
42 41 1
42 43 1
43 42 1
43 33 1
46 56 1
47 37 1
47 57 1
47 48 1
48 38 1
48 58 1
48 47 1
50 40 1
50 60 1
50 51 1
51 50 1
51 61 1
52 42 1
52 62 1
52 53 1
53 52 1
54 64 1
54 55 1
55 65 1
55 54 1
55 56 1
56 46 1
56 55 1
56 57 1
57 47 1
57 67 1
57 56 1
58 48 1
58 68 1
60 50 1
60 70 1
60 61 1
61 51 1
61 71 1
61 60 1
62 52 1
62 63 1
63 62 1
63 73 1
64 54 1
64 65 1
65 55 1
65 64 1
65 66 1
66 76 1
66 65 1
66 67 1
67 66 1
67 57 1
68 58 1
68 78 1
68 69 1
69 68 1
69 79 1
70 60 1
70 80 1
71 61 1
71 81 1
72 62 1
72 82 1
72 73 1
73 72 1
73 63 1
76 66 1
76 77 1
77 76 1
77 87 1
78 68 1
78 79 1
79 78 1
79 69 1
80 70 1
80 90 1
80 81 1
81 71 1
81 91 1
82 72 1
82 83 1
83 82 1
83 93 1
86 96 1
86 87 1
87 77 1
87 86 1
87 88 1
88 87 1
88 98 1
90 80 1
90 91 1
91 81 1
91 90 1
91 92 1
92 91 1
92 93 1
93 83 1
93 92 1
93 94 1
94 93 1
94 95 1
95 94 1
95 96 1
96 86 1
96 95 1
96 97 1
97 96 1
98 88 1
98 99 1
99 98 1